5	19	25	3	9	4	16	25	15	16	21	13	7	4	16	1	13	14	20	25	25	1	23	15	9	24	8	19	4	11	1	1	1	21	18	1	13	22	7	14	24	1	17	8	25	15	16	18	8	12	8	22	8	25	15	10	1	14	18	21	4	6	21	24	10	4	24	11	24	23	
17	14	17	22	7	10	10	19	16	17	13	19	2	16	8	24	13	14	22	6	12	18	23	25	22	24	12	3	15	22	17	4	25	6	17	13	12	16	24	1	16	2	10	23	20	19	19	13	21	6	6	17	8	1	25	7	18	18	8	13	17	12	19	12	15	9	22	18	20	24	
1	13	24	17	5	17	25	18	7	14	2	16	12	19	18	7	17	14	16	12	14	12	1	18	18	20	20	11	15	20	1	8	21	6	18	19	6	3	18	9	2	22	3	3	1	15	1	25	25	9	8	9	4	20	6	12	10	3	6	6	9	17	6	22	9	21	23	10	15	23	
11	16	16	4	1	10	13	11	14	7	9	4	9	24	17	7	20	14	1	8	1	13	5	2	24	6	15	23	17	22	14	18	8	21	23	17	15	8	17	21	1	13	22	19	11	22	21	14	2	24	10	5	7	2	10	3	3	10	10	24	6	14	19	9	5	1	18	2	19	7	
19	15	6	25	23	20	17	2	13	7	12	4	7	19	22	14	19	7	16	4	22	13	10	17	16	1	11	20	13	10	1	6	7	11	19	5	11	14	7	9	22	4	13	18	12	22	18	16	25	18	8	3	24	2	3	5	6	6	18	7	9	25	11	20	17	9	12	11	11	4	
10	8	20	25	23	16	5	19	18	25	4	11	2	14	3	13	5	5	11	4	20	19	13	3	19	18	8	19	3	9	12	10	19	18	4	15	9	4	2	10	1	20	22	1	3	14	4	2	7	8	19	14	6	4	15	6	22	8	6	24	4	14	13	18	10	18	9	23	16	11	
Base: [0, 1, 2, 3, 4, 5, 6, 7, 8, 9, 10, 11, 12, 13, 14, 15, 16, 17, 18, 19, 20, 21, 22, 23, 24, 25, 26, 27, 28, 29, 30, 31, 32, 33, 34, 35, 36, 37, 38, 39, 40, 41, 42, 43, 44, 45, 46, 47, 48, 49, 50, 51, 52, 53, 54, 55, 56, 57, 58, 59, 60, 61, 62, 63, 64, 65, 66, 67, 68, 69]
New survived medium generation: [0, 1, 2, 3, 4, 5, 6, 7, 8, 9, 10, 31, 12, 13, 14, 15, 16, 17, 18, 19, 20, 21, 22, 23, 24, 25, 26, 27, 28, 29, 30, 11, 32, 33, 34, 35, 36, 37, 38, 39, 40, 41, 42, 43, 44, 45, 46, 47, 48, 49, 50, 51, 52, 53, 54, 55, 56, 57, 58, 59, 60, 61, 62, 63, 64, 65, 66, 67, 68, 69] time: 1133
New survived BEST generation: [0, 1, 2, 3, 4, 5, 6, 7, 8, 9, 10, 31, 12, 13, 14, 15, 16, 17, 18, 19, 20, 21, 22, 23, 24, 25, 26, 27, 28, 29, 30, 11, 32, 33, 34, 35, 36, 67, 37, 38, 39, 40, 41, 42, 43, 44, 45, 46, 47, 48, 49, 50, 51, 52, 53, 54, 55, 56, 57, 58, 59, 60, 61, 62, 63, 64, 65, 66, 68, 69] time: 1120
New survived BEST generation: [0, 1, 2, 3, 4, 5, 6, 7, 8, 9, 10, 31, 12, 13, 14, 15, 16, 17, 18, 19, 20, 21, 22, 23, 24, 25, 26, 27, 28, 29, 30, 11, 32, 33, 34, 35, 36, 67, 37, 38, 39, 40, 41, 42, 43, 44, 45, 65, 47, 48, 49, 50, 51, 52, 53, 54, 55, 56, 57, 58, 59, 60, 61, 62, 63, 64, 46, 66, 68, 69] time: 1107
New survived BEST generation: [0, 1, 2, 3, 4, 5, 6, 7, 8, 9, 10, 31, 12, 13, 14, 15, 16, 17, 18, 19, 20, 21, 22, 23, 24, 25, 26, 27, 28, 29, 30, 11, 32, 33, 34, 35, 36, 67, 37, 38, 39, 40, 41, 42, 43, 44, 45, 65, 47, 48, 49, 66, 50, 51, 52, 53, 54, 55, 56, 57, 58, 59, 60, 61, 62, 63, 64, 46, 68, 69] time: 1106
New survived BEST generation: [0, 1, 3, 4, 5, 6, 7, 8, 9, 10, 31, 12, 13, 14, 15, 16, 17, 18, 19, 20, 21, 22, 23, 24, 2, 25, 26, 27, 28, 29, 30, 11, 32, 33, 34, 35, 36, 67, 37, 38, 39, 40, 41, 42, 43, 44, 45, 65, 47, 48, 49, 66, 50, 51, 52, 53, 54, 55, 56, 57, 58, 59, 60, 61, 62, 63, 64, 46, 68, 69] time: 1095
New survived BEST generation: [3, 1, 0, 4, 5, 6, 7, 8, 9, 10, 31, 12, 13, 14, 15, 16, 17, 18, 19, 20, 21, 22, 23, 24, 2, 25, 26, 27, 28, 29, 30, 11, 32, 33, 34, 35, 36, 67, 37, 38, 39, 52, 41, 42, 43, 44, 45, 65, 47, 48, 49, 66, 50, 51, 40, 53, 54, 55, 56, 57, 58, 59, 60, 61, 62, 63, 64, 46, 68, 69] time: 1091
New survived BEST generation: [3, 1, 0, 4, 5, 6, 7, 8, 9, 10, 31, 12, 13, 14, 15, 16, 17, 18, 19, 20, 21, 22, 23, 24, 2, 25, 26, 27, 28, 49, 30, 11, 32, 33, 34, 35, 36, 67, 37, 38, 39, 52, 41, 42, 43, 44, 45, 65, 29, 47, 48, 68, 66, 50, 51, 40, 53, 54, 55, 56, 57, 58, 59, 60, 61, 62, 63, 64, 46, 69] time: 1088
New survived medium generation: [3, 1, 0, 4, 5, 6, 7, 8, 9, 10, 31, 12, 13, 65, 15, 16, 17, 18, 19, 20, 21, 22, 23, 24, 2, 25, 26, 27, 28, 49, 30, 11, 32, 33, 34, 35, 36, 67, 37, 38, 39, 52, 41, 42, 43, 44, 45, 14, 29, 47, 48, 68, 66, 50, 51, 40, 53, 54, 55, 56, 57, 58, 59, 60, 61, 62, 63, 64, 46, 69] time: 1087
New survived BEST generation: [3, 1, 0, 4, 5, 6, 7, 8, 9, 10, 49, 12, 13, 65, 15, 16, 17, 18, 19, 20, 21, 22, 23, 24, 2, 25, 26, 27, 28, 31, 30, 11, 32, 33, 34, 35, 36, 67, 37, 38, 39, 52, 41, 42, 43, 44, 45, 14, 29, 47, 48, 68, 66, 50, 64, 51, 40, 53, 54, 55, 56, 57, 58, 59, 60, 61, 62, 63, 46, 69] time: 1084
New survived BEST generation: [3, 1, 0, 4, 5, 6, 7, 8, 9, 49, 12, 13, 65, 15, 10, 16, 17, 18, 19, 20, 21, 22, 23, 24, 2, 25, 26, 27, 28, 31, 30, 11, 32, 33, 34, 35, 36, 67, 37, 38, 39, 52, 41, 42, 43, 44, 45, 14, 29, 47, 48, 68, 66, 50, 64, 51, 40, 53, 54, 63, 56, 57, 58, 59, 55, 60, 61, 62, 46, 69] time: 1083
New survived medium generation: [3, 1, 0, 4, 5, 6, 7, 8, 9, 49, 12, 13, 65, 15, 10, 16, 17, 18, 19, 20, 21, 23, 22, 24, 2, 25, 26, 27, 28, 31, 30, 11, 32, 33, 34, 35, 36, 67, 37, 38, 44, 52, 41, 42, 43, 39, 45, 14, 29, 47, 48, 68, 66, 50, 64, 51, 40, 53, 54, 63, 56, 57, 58, 59, 55, 60, 61, 62, 46, 69] time: 1083
New survived medium generation: [3, 1, 0, 4, 5, 6, 7, 8, 9, 49, 12, 13, 65, 15, 10, 16, 17, 18, 19, 20, 21, 22, 23, 24, 2, 25, 26, 27, 28, 31, 30, 11, 32, 33, 34, 35, 36, 67, 37, 38, 39, 61, 41, 42, 43, 44, 45, 14, 29, 47, 48, 68, 66, 50, 64, 51, 40, 53, 54, 63, 56, 57, 58, 59, 52, 55, 60, 62, 46, 69] time: 1083
New survived medium generation: [3, 1, 0, 4, 5, 6, 7, 8, 9, 49, 12, 13, 65, 15, 10, 16, 17, 18, 19, 20, 21, 22, 23, 24, 2, 25, 26, 27, 28, 31, 30, 11, 32, 33, 34, 35, 36, 67, 37, 38, 39, 52, 41, 42, 43, 44, 45, 14, 29, 47, 48, 68, 66, 50, 64, 51, 40, 53, 54, 63, 56, 57, 58, 59, 55, 60, 61, 62, 46, 69] time: 1083
New survived BEST generation: [3, 1, 0, 4, 5, 6, 8, 9, 49, 12, 13, 65, 15, 10, 16, 17, 18, 19, 20, 21, 22, 23, 24, 2, 25, 26, 27, 7, 28, 31, 30, 11, 32, 33, 34, 35, 36, 67, 37, 38, 39, 52, 41, 42, 43, 44, 45, 50, 29, 47, 48, 68, 66, 14, 64, 51, 40, 53, 54, 63, 56, 57, 58, 59, 55, 60, 61, 62, 46, 69] time: 1083
New survived BEST generation: [3, 1, 0, 4, 5, 6, 7, 8, 9, 49, 12, 13, 65, 15, 10, 16, 17, 18, 19, 20, 21, 22, 23, 24, 2, 25, 26, 27, 28, 31, 30, 11, 32, 33, 34, 35, 56, 67, 37, 38, 39, 52, 41, 42, 43, 36, 44, 45, 14, 29, 47, 48, 68, 66, 50, 51, 64, 40, 53, 54, 63, 57, 58, 59, 55, 60, 61, 62, 46, 69] time: 1083
New survived BEST generation: [3, 1, 0, 4, 5, 6, 7, 8, 9, 49, 12, 13, 65, 15, 16, 17, 18, 19, 20, 21, 22, 23, 24, 2, 25, 26, 27, 31, 30, 11, 32, 33, 28, 38, 34, 35, 36, 67, 37, 10, 39, 52, 41, 42, 43, 44, 45, 14, 29, 47, 48, 68, 66, 50, 64, 51, 40, 53, 54, 63, 56, 57, 58, 59, 55, 60, 61, 62, 46, 69] time: 1083
New survived BEST generation: [3, 1, 0, 4, 5, 6, 7, 8, 9, 49, 12, 13, 65, 15, 10, 16, 17, 18, 19, 20, 21, 22, 23, 24, 2, 25, 26, 27, 28, 31, 30, 11, 32, 33, 34, 35, 36, 67, 37, 38, 39, 52, 41, 42, 43, 44, 45, 14, 29, 47, 54, 48, 68, 66, 50, 64, 51, 40, 53, 63, 56, 57, 58, 59, 55, 60, 61, 62, 46, 69] time: 1083
New survived medium generation: [3, 1, 0, 4, 5, 6, 7, 8, 9, 49, 13, 65, 15, 10, 16, 17, 18, 19, 20, 21, 22, 31, 23, 24, 2, 25, 26, 27, 28, 12, 30, 11, 32, 33, 34, 35, 36, 67, 37, 38, 39, 52, 41, 42, 40, 44, 45, 14, 29, 47, 48, 68, 66, 50, 64, 51, 43, 53, 54, 63, 56, 57, 58, 59, 55, 60, 61, 62, 46, 69] time: 1083
New survived medium generation: [3, 1, 0, 4, 5, 6, 7, 8, 9, 49, 12, 13, 65, 15, 10, 16, 17, 18, 19, 20, 21, 58, 23, 24, 2, 25, 26, 27, 28, 31, 30, 11, 32, 33, 34, 35, 36, 67, 37, 38, 39, 52, 41, 42, 43, 44, 45, 14, 29, 47, 48, 68, 66, 50, 64, 51, 40, 53, 54, 63, 56, 57, 22, 59, 55, 60, 61, 62, 46, 69] time: 1083
New survived medium generation: [3, 1, 0, 4, 5, 6, 7, 8, 9, 49, 12, 13, 65, 15, 10, 16, 17, 18, 19, 20, 21, 22, 23, 24, 2, 25, 35, 27, 28, 31, 30, 11, 32, 33, 34, 26, 36, 67, 37, 38, 39, 52, 41, 42, 43, 44, 45, 14, 29, 47, 48, 68, 66, 50, 64, 51, 40, 53, 54, 63, 56, 57, 58, 59, 55, 60, 61, 62, 46, 69] time: 1083
New survived BEST generation: [3, 1, 0, 4, 6, 5, 7, 8, 9, 49, 12, 13, 65, 15, 10, 16, 17, 18, 19, 20, 21, 22, 23, 24, 2, 25, 26, 27, 28, 31, 30, 11, 32, 33, 34, 35, 36, 67, 37, 38, 39, 52, 41, 42, 43, 44, 45, 14, 29, 47, 48, 68, 66, 50, 64, 59, 51, 40, 53, 54, 63, 56, 57, 58, 55, 60, 61, 62, 46, 69] time: 1083
New survived BEST generation: [3, 1, 0, 4, 5, 6, 8, 7, 9, 49, 12, 13, 65, 15, 10, 16, 17, 18, 19, 20, 21, 22, 23, 24, 2, 25, 26, 27, 28, 31, 30, 11, 32, 33, 34, 35, 36, 67, 37, 38, 39, 52, 41, 42, 43, 44, 45, 14, 29, 47, 48, 68, 66, 50, 64, 51, 40, 53, 54, 63, 56, 57, 58, 59, 55, 60, 61, 62, 46, 69] time: 1083
New survived medium generation: [3, 1, 0, 4, 5, 6, 7, 8, 9, 49, 12, 13, 65, 15, 10, 16, 17, 38, 19, 20, 21, 22, 23, 24, 2, 25, 26, 27, 28, 31, 30, 11, 32, 33, 34, 35, 36, 67, 37, 18, 39, 52, 41, 42, 43, 44, 45, 14, 29, 47, 64, 68, 66, 50, 48, 51, 40, 53, 54, 63, 56, 57, 58, 59, 55, 60, 61, 62, 46, 69] time: 1083
New survived BEST generation: [3, 1, 0, 4, 5, 6, 7, 8, 9, 49, 12, 13, 65, 15, 10, 16, 17, 18, 19, 20, 21, 22, 23, 24, 2, 25, 26, 27, 28, 31, 30, 11, 32, 33, 34, 35, 63, 67, 37, 38, 39, 52, 41, 42, 43, 44, 36, 45, 14, 29, 47, 48, 68, 66, 50, 64, 51, 40, 53, 54, 60, 56, 57, 58, 59, 55, 61, 62, 46, 69] time: 1083
New survived BEST generation: [3, 1, 0, 4, 5, 6, 7, 8, 9, 49, 12, 13, 65, 15, 10, 16, 17, 18, 19, 20, 21, 22, 23, 24, 2, 25, 26, 27, 28, 31, 30, 11, 32, 33, 34, 35, 36, 67, 37, 38, 39, 52, 41, 42, 44, 43, 45, 14, 29, 47, 48, 68, 66, 50, 64, 51, 40, 53, 54, 63, 56, 57, 58, 59, 55, 60, 61, 62, 46, 69] time: 1083
New survived BEST generation: [3, 1, 0, 36, 5, 6, 7, 8, 9, 17, 12, 13, 65, 15, 10, 16, 49, 18, 19, 20, 21, 22, 23, 24, 2, 25, 26, 27, 28, 31, 30, 11, 32, 33, 34, 35, 4, 67, 37, 38, 39, 52, 41, 42, 43, 44, 45, 14, 29, 47, 48, 68, 66, 50, 64, 51, 40, 53, 54, 63, 56, 57, 58, 59, 55, 60, 61, 62, 46, 69] time: 1083
New survived medium generation: [3, 1, 0, 4, 5, 7, 8, 9, 49, 12, 13, 65, 15, 10, 16, 17, 18, 6, 19, 20, 21, 22, 23, 24, 2, 25, 26, 27, 28, 31, 30, 11, 32, 33, 34, 35, 36, 67, 37, 38, 39, 52, 41, 42, 43, 44, 45, 14, 29, 47, 48, 68, 66, 50, 64, 51, 40, 53, 54, 63, 56, 57, 58, 61, 55, 60, 59, 62, 46, 69] time: 1083
New survived BEST generation: [3, 1, 0, 4, 5, 6, 7, 8, 9, 49, 12, 13, 65, 15, 10, 16, 17, 18, 19, 20, 21, 22, 23, 24, 2, 25, 26, 27, 28, 31, 30, 11, 32, 33, 34, 35, 36, 67, 37, 38, 39, 52, 41, 42, 43, 44, 45, 14, 29, 47, 48, 68, 66, 50, 64, 51, 40, 53, 54, 63, 56, 57, 58, 59, 55, 60, 61, 62, 46, 69] time: 1083
New survived BEST generation: [3, 1, 0, 4, 5, 6, 7, 8, 9, 49, 12, 13, 65, 15, 10, 16, 17, 18, 19, 20, 21, 22, 23, 24, 2, 25, 26, 27, 28, 31, 30, 11, 14, 33, 34, 35, 36, 67, 32, 37, 38, 39, 52, 41, 42, 43, 44, 45, 29, 47, 48, 68, 66, 50, 64, 51, 40, 53, 54, 63, 56, 57, 58, 59, 55, 60, 61, 62, 46, 69] time: 1083
New survived medium generation: [3, 1, 0, 4, 5, 6, 7, 8, 9, 49, 12, 13, 65, 15, 10, 16, 17, 18, 19, 20, 21, 22, 23, 24, 2, 25, 26, 27, 28, 31, 30, 11, 32, 33, 34, 35, 38, 67, 37, 36, 39, 52, 41, 42, 43, 44, 45, 14, 29, 47, 48, 68, 66, 50, 64, 51, 40, 53, 54, 63, 56, 57, 58, 59, 55, 60, 61, 62, 46, 69] time: 1083
New survived medium generation: [3, 1, 0, 4, 5, 6, 7, 8, 9, 49, 12, 13, 65, 15, 10, 16, 17, 18, 19, 20, 21, 22, 23, 24, 2, 25, 26, 27, 28, 31, 30, 11, 32, 33, 34, 35, 36, 67, 37, 38, 39, 52, 41, 42, 43, 44, 45, 14, 29, 47, 48, 68, 66, 50, 64, 51, 40, 53, 54, 63, 56, 57, 58, 59, 55, 60, 61, 62, 46, 69] time: 1083
New survived medium generation: [3, 1, 0, 4, 5, 6, 7, 8, 9, 49, 12, 13, 65, 15, 10, 16, 17, 18, 19, 20, 21, 22, 23, 24, 2, 50, 26, 27, 28, 31, 30, 11, 32, 33, 34, 35, 36, 67, 37, 38, 25, 39, 52, 41, 42, 43, 44, 45, 14, 47, 48, 68, 66, 29, 64, 51, 40, 53, 54, 63, 56, 57, 58, 59, 55, 60, 61, 62, 46, 69] time: 1083
New survived BEST generation: [3, 1, 0, 4, 5, 6, 7, 8, 9, 49, 21, 13, 65, 15, 10, 16, 17, 18, 19, 20, 12, 22, 23, 24, 2, 25, 26, 27, 28, 31, 30, 11, 32, 33, 34, 35, 36, 67, 37, 38, 39, 52, 41, 42, 43, 44, 45, 14, 29, 47, 48, 68, 66, 50, 64, 51, 40, 53, 54, 63, 56, 57, 58, 59, 55, 60, 61, 62, 46, 69] time: 1083
New survived medium generation: [3, 1, 0, 4, 5, 6, 7, 8, 9, 49, 12, 13, 65, 15, 10, 16, 17, 18, 19, 20, 21, 22, 68, 24, 2, 25, 26, 27, 28, 31, 30, 11, 32, 33, 34, 35, 36, 67, 37, 38, 39, 52, 41, 42, 43, 44, 45, 14, 29, 47, 48, 23, 66, 50, 64, 51, 40, 53, 54, 63, 56, 57, 58, 59, 55, 60, 61, 62, 46, 69] time: 1083
New survived medium generation: [3, 1, 0, 4, 5, 6, 7, 8, 9, 49, 12, 13, 65, 15, 16, 17, 18, 19, 20, 26, 21, 22, 23, 24, 2, 25, 10, 27, 28, 31, 30, 11, 32, 33, 34, 35, 36, 67, 37, 38, 39, 52, 41, 42, 43, 44, 45, 14, 29, 47, 48, 68, 66, 50, 64, 51, 40, 53, 54, 63, 56, 57, 58, 59, 55, 60, 61, 62, 46, 69] time: 1083
New survived BEST generation: [3, 1, 0, 4, 5, 6, 7, 8, 9, 49, 12, 13, 65, 15, 10, 16, 17, 18, 19, 20, 21, 22, 23, 24, 2, 27, 26, 25, 28, 31, 30, 11, 32, 33, 34, 35, 36, 67, 37, 38, 39, 52, 41, 42, 43, 44, 45, 14, 29, 47, 48, 68, 66, 50, 64, 51, 40, 53, 54, 63, 56, 57, 58, 59, 55, 60, 61, 62, 46, 69] time: 1083
New survived BEST generation: [3, 1, 0, 4, 5, 6, 7, 8, 9, 49, 12, 13, 65, 15, 23, 16, 17, 18, 19, 20, 21, 22, 10, 24, 2, 25, 26, 27, 28, 31, 30, 11, 32, 33, 34, 35, 36, 67, 37, 38, 39, 52, 41, 42, 43, 44, 45, 14, 29, 47, 48, 68, 66, 50, 64, 51, 40, 53, 54, 63, 56, 57, 58, 59, 55, 60, 61, 62, 46, 69] time: 1083
New survived BEST generation: [3, 1, 0, 5, 6, 7, 8, 9, 49, 12, 13, 65, 15, 10, 16, 17, 18, 19, 20, 21, 22, 23, 24, 2, 25, 26, 27, 28, 31, 30, 11, 32, 33, 4, 34, 35, 36, 67, 37, 38, 39, 52, 41, 42, 43, 44, 45, 14, 29, 47, 48, 68, 66, 50, 64, 51, 40, 53, 54, 63, 56, 57, 58, 59, 55, 60, 61, 62, 46, 69] time: 1083
New survived medium generation: [3, 1, 0, 4, 5, 6, 42, 8, 9, 49, 12, 13, 65, 15, 10, 16, 17, 18, 19, 20, 21, 22, 23, 24, 2, 25, 26, 27, 28, 31, 30, 11, 32, 33, 34, 35, 36, 67, 37, 38, 7, 53, 39, 52, 41, 43, 44, 45, 14, 29, 47, 48, 68, 66, 50, 64, 51, 40, 54, 63, 56, 57, 58, 59, 55, 60, 61, 62, 46, 69] time: 1083
New survived BEST generation: [3, 1, 0, 4, 5, 6, 7, 9, 49, 12, 13, 65, 15, 10, 16, 18, 19, 20, 21, 22, 23, 24, 2, 8, 17, 25, 26, 27, 28, 31, 30, 11, 32, 33, 34, 35, 36, 67, 37, 38, 39, 52, 41, 42, 43, 44, 45, 14, 29, 47, 48, 68, 66, 50, 64, 51, 40, 53, 54, 63, 56, 57, 58, 59, 55, 60, 61, 62, 46, 69] time: 1083
New survived BEST generation: [3, 1, 0, 4, 5, 6, 7, 8, 9, 49, 12, 13, 65, 15, 10, 16, 17, 18, 19, 20, 21, 22, 23, 24, 2, 25, 26, 27, 28, 31, 30, 11, 32, 33, 34, 35, 45, 67, 37, 38, 39, 52, 41, 42, 43, 36, 62, 14, 29, 47, 48, 68, 66, 50, 64, 51, 40, 53, 54, 63, 56, 57, 58, 59, 55, 60, 61, 44, 46, 69] time: 1083
New survived BEST generation: [3, 1, 0, 4, 5, 6, 7, 8, 9, 49, 12, 13, 65, 15, 10, 16, 17, 18, 19, 20, 21, 22, 24, 2, 25, 26, 27, 43, 28, 31, 30, 11, 32, 33, 34, 35, 36, 67, 37, 38, 39, 52, 41, 42, 23, 44, 45, 14, 29, 47, 48, 68, 66, 50, 64, 51, 40, 53, 54, 63, 56, 57, 58, 59, 55, 60, 61, 62, 46, 69] time: 1083
New survived medium generation: [3, 1, 0, 4, 5, 6, 7, 8, 9, 49, 12, 13, 65, 15, 10, 16, 17, 18, 19, 20, 21, 22, 23, 24, 2, 25, 26, 27, 28, 31, 30, 11, 32, 33, 34, 35, 36, 67, 37, 38, 39, 52, 43, 42, 41, 44, 45, 14, 29, 47, 48, 68, 66, 50, 64, 51, 40, 53, 54, 63, 56, 57, 58, 59, 55, 60, 61, 62, 46, 69] time: 1083
New survived medium generation: [3, 1, 0, 4, 23, 6, 7, 8, 9, 49, 12, 13, 65, 15, 10, 16, 17, 18, 19, 20, 21, 22, 5, 24, 2, 25, 26, 27, 28, 31, 30, 11, 32, 33, 34, 35, 36, 67, 37, 38, 39, 52, 41, 42, 43, 44, 45, 14, 29, 47, 48, 68, 66, 50, 64, 51, 40, 53, 54, 63, 56, 57, 58, 59, 55, 60, 61, 62, 46, 69] time: 1083
New survived BEST generation: [3, 1, 0, 4, 5, 6, 7, 8, 9, 49, 12, 13, 65, 15, 58, 16, 17, 18, 19, 20, 21, 22, 23, 24, 2, 25, 26, 27, 28, 31, 30, 11, 32, 33, 34, 35, 36, 67, 37, 38, 39, 52, 41, 42, 43, 44, 45, 14, 29, 47, 48, 68, 66, 50, 64, 51, 40, 53, 54, 63, 56, 57, 10, 59, 55, 60, 61, 62, 46, 69] time: 1083
New survived medium generation: [3, 1, 0, 4, 5, 6, 7, 65, 9, 49, 12, 13, 8, 15, 10, 16, 17, 18, 19, 20, 21, 22, 23, 24, 2, 25, 26, 27, 28, 31, 30, 11, 32, 33, 34, 35, 36, 67, 37, 38, 39, 52, 41, 42, 43, 44, 45, 14, 29, 47, 48, 68, 66, 50, 64, 51, 40, 53, 54, 63, 56, 57, 58, 59, 55, 60, 61, 62, 46, 69] time: 1083
New survived medium generation: [3, 1, 0, 4, 5, 6, 7, 8, 23, 49, 12, 13, 65, 15, 10, 16, 17, 18, 19, 20, 21, 22, 9, 24, 2, 25, 26, 27, 28, 31, 30, 11, 32, 33, 34, 35, 36, 67, 37, 38, 39, 52, 41, 42, 43, 44, 45, 14, 29, 47, 48, 68, 66, 50, 64, 51, 40, 53, 54, 63, 56, 57, 58, 59, 55, 60, 61, 62, 46, 69] time: 1083
New survived BEST generation: [3, 1, 0, 4, 5, 6, 7, 8, 9, 49, 12, 13, 65, 15, 10, 16, 17, 18, 19, 20, 21, 22, 23, 24, 2, 25, 26, 27, 28, 31, 30, 11, 32, 33, 34, 35, 36, 67, 37, 38, 39, 52, 41, 42, 43, 44, 45, 14, 29, 47, 48, 68, 66, 50, 64, 51, 40, 53, 54, 63, 56, 57, 58, 59, 55, 60, 61, 62, 46, 69] time: 1083
New survived BEST generation: [3, 1, 0, 4, 5, 6, 7, 8, 9, 49, 12, 13, 65, 15, 10, 16, 18, 19, 17, 20, 21, 22, 23, 24, 2, 25, 26, 27, 28, 31, 30, 11, 32, 33, 34, 35, 36, 67, 37, 38, 39, 52, 41, 42, 43, 44, 45, 14, 29, 47, 48, 68, 66, 50, 64, 51, 40, 53, 54, 63, 56, 57, 58, 59, 55, 60, 61, 62, 46, 69] time: 1083
New survived BEST generation: [3, 1, 0, 4, 5, 6, 7, 8, 9, 49, 12, 13, 65, 15, 10, 16, 17, 18, 19, 20, 21, 22, 23, 24, 2, 25, 26, 27, 28, 31, 30, 11, 32, 33, 34, 35, 36, 67, 37, 38, 39, 52, 41, 42, 43, 44, 45, 14, 29, 47, 48, 68, 66, 50, 64, 51, 40, 53, 54, 63, 56, 57, 58, 59, 55, 60, 61, 62, 46, 69] time: 1083
New survived BEST generation: [3, 1, 0, 4, 5, 6, 7, 8, 49, 12, 13, 65, 15, 10, 16, 17, 18, 19, 20, 21, 22, 23, 24, 9, 2, 25, 26, 27, 28, 31, 30, 11, 32, 33, 34, 35, 36, 67, 37, 38, 39, 52, 41, 42, 43, 44, 45, 14, 29, 47, 48, 68, 66, 50, 64, 51, 40, 53, 54, 63, 56, 57, 58, 59, 55, 60, 61, 62, 46, 69] time: 1083
New survived BEST generation: [3, 1, 0, 4, 5, 6, 7, 8, 9, 49, 12, 13, 65, 15, 10, 16, 17, 18, 19, 20, 21, 31, 23, 24, 2, 25, 26, 27, 28, 22, 30, 11, 32, 33, 34, 35, 36, 67, 37, 38, 39, 52, 41, 42, 43, 44, 45, 14, 29, 47, 48, 68, 66, 50, 64, 51, 40, 53, 54, 63, 56, 57, 58, 59, 55, 60, 61, 62, 46, 69] time: 1083
New survived medium generation: [3, 1, 0, 4, 5, 6, 23, 8, 9, 49, 12, 13, 65, 15, 10, 16, 17, 18, 19, 20, 21, 22, 7, 24, 2, 25, 26, 27, 28, 31, 30, 11, 32, 33, 34, 35, 36, 67, 37, 38, 39, 52, 41, 42, 43, 44, 45, 14, 29, 47, 48, 68, 66, 50, 64, 51, 40, 53, 54, 63, 56, 57, 58, 59, 55, 60, 61, 62, 46, 69] time: 1083
New survived BEST generation: [3, 1, 0, 4, 5, 6, 7, 8, 9, 49, 12, 13, 65, 15, 10, 16, 17, 18, 20, 21, 22, 19, 23, 24, 2, 25, 26, 27, 28, 31, 30, 11, 32, 33, 34, 35, 36, 67, 37, 38, 39, 52, 41, 42, 43, 44, 45, 14, 29, 47, 48, 68, 66, 50, 64, 51, 40, 53, 54, 63, 56, 57, 58, 59, 55, 60, 61, 62, 46, 69] time: 1083
New survived BEST generation: [3, 1, 0, 4, 5, 6, 7, 8, 9, 49, 12, 13, 65, 15, 10, 16, 17, 18, 19, 20, 21, 22, 23, 24, 2, 25, 26, 27, 11, 31, 30, 28, 32, 33, 34, 35, 36, 67, 37, 38, 39, 52, 41, 42, 43, 44, 45, 14, 29, 47, 48, 68, 66, 50, 64, 51, 40, 53, 54, 63, 56, 57, 58, 59, 55, 60, 61, 62, 46, 69] time: 1083
New survived medium generation: [3, 1, 0, 4, 5, 6, 7, 8, 9, 49, 12, 13, 65, 15, 10, 16, 17, 18, 19, 20, 21, 22, 23, 24, 2, 25, 26, 27, 28, 31, 30, 11, 32, 33, 34, 35, 36, 67, 37, 38, 39, 52, 41, 42, 43, 44, 45, 14, 29, 47, 48, 68, 66, 50, 64, 54, 40, 53, 51, 63, 56, 57, 58, 59, 55, 60, 61, 62, 46, 69] time: 1083
New survived BEST generation: [3, 1, 0, 4, 5, 6, 7, 8, 9, 49, 12, 13, 65, 15, 10, 16, 17, 18, 19, 20, 21, 22, 23, 24, 2, 25, 26, 27, 28, 31, 30, 11, 32, 33, 34, 35, 36, 67, 37, 38, 39, 52, 41, 42, 43, 44, 45, 14, 29, 47, 48, 68, 66, 50, 64, 51, 40, 53, 54, 63, 56, 57, 58, 59, 55, 60, 61, 62, 46, 69] time: 1083
New survived medium generation: [3, 1, 0, 4, 5, 6, 7, 8, 9, 49, 12, 13, 65, 15, 10, 16, 17, 18, 19, 20, 21, 22, 23, 24, 2, 25, 26, 27, 28, 31, 30, 11, 32, 33, 34, 35, 36, 67, 37, 38, 39, 52, 41, 42, 43, 44, 45, 14, 29, 47, 48, 68, 66, 50, 64, 51, 40, 53, 54, 63, 56, 57, 58, 59, 55, 60, 61, 62, 46, 69] time: 1083
New survived BEST generation: [3, 1, 0, 4, 5, 6, 7, 8, 9, 49, 12, 13, 65, 15, 10, 16, 17, 18, 19, 20, 21, 22, 23, 24, 2, 25, 26, 27, 28, 31, 30, 11, 32, 33, 34, 35, 14, 36, 67, 37, 38, 39, 52, 41, 42, 43, 44, 45, 29, 47, 48, 68, 66, 50, 64, 51, 40, 53, 54, 63, 56, 57, 58, 59, 55, 60, 61, 62, 46, 69] time: 1083
New survived BEST generation: [3, 1, 0, 4, 5, 6, 7, 8, 9, 49, 12, 13, 65, 15, 10, 16, 17, 18, 19, 20, 21, 22, 23, 24, 2, 25, 26, 27, 37, 31, 30, 11, 32, 33, 34, 35, 36, 67, 28, 38, 39, 52, 41, 42, 43, 44, 45, 14, 29, 47, 48, 68, 66, 50, 64, 51, 40, 53, 54, 63, 56, 57, 58, 59, 55, 60, 61, 62, 46, 69] time: 1083
New survived BEST generation: [3, 1, 0, 4, 5, 6, 7, 8, 9, 49, 12, 13, 65, 15, 10, 16, 17, 18, 19, 20, 21, 22, 23, 24, 2, 25, 26, 27, 28, 31, 30, 11, 32, 33, 34, 35, 36, 67, 37, 38, 39, 52, 41, 42, 43, 44, 45, 14, 29, 47, 48, 68, 66, 50, 64, 51, 40, 53, 54, 63, 56, 57, 58, 59, 55, 60, 61, 62, 46, 69] time: 1083
New survived medium generation: [3, 1, 0, 4, 5, 6, 7, 8, 9, 49, 12, 13, 65, 15, 10, 16, 17, 19, 20, 21, 22, 23, 24, 2, 25, 26, 27, 28, 31, 30, 41, 11, 32, 33, 34, 35, 36, 67, 37, 38, 39, 52, 18, 42, 43, 44, 45, 14, 29, 47, 48, 68, 66, 50, 64, 51, 40, 53, 54, 63, 56, 57, 58, 59, 55, 60, 61, 62, 46, 69] time: 1083
New survived medium generation: [3, 1, 0, 4, 5, 6, 7, 8, 9, 49, 12, 13, 65, 15, 10, 16, 17, 18, 19, 20, 21, 22, 23, 24, 2, 25, 26, 27, 28, 31, 30, 11, 32, 33, 34, 35, 36, 67, 37, 38, 39, 52, 41, 42, 43, 44, 45, 14, 29, 47, 48, 68, 51, 50, 64, 66, 40, 53, 54, 63, 56, 57, 58, 59, 55, 60, 61, 62, 46, 69] time: 1083
New survived medium generation: [3, 1, 0, 4, 5, 6, 7, 8, 9, 49, 12, 13, 65, 15, 10, 16, 17, 18, 23, 20, 21, 22, 19, 24, 2, 25, 26, 27, 28, 31, 30, 11, 32, 33, 34, 35, 36, 67, 37, 38, 39, 52, 41, 42, 43, 44, 45, 14, 29, 47, 48, 68, 66, 50, 64, 51, 40, 53, 54, 63, 56, 57, 58, 59, 55, 60, 61, 62, 46, 69] time: 1083
New survived medium generation: [3, 1, 0, 4, 5, 6, 59, 8, 9, 49, 12, 13, 65, 15, 10, 16, 17, 18, 19, 20, 21, 22, 23, 24, 2, 25, 26, 27, 28, 31, 30, 11, 32, 33, 34, 35, 36, 67, 37, 38, 39, 52, 41, 42, 43, 44, 45, 14, 29, 47, 48, 68, 66, 50, 64, 51, 40, 53, 54, 63, 56, 57, 58, 7, 55, 60, 61, 62, 46, 69] time: 1083
New survived BEST generation: [3, 1, 0, 4, 5, 6, 7, 8, 9, 49, 12, 13, 65, 15, 10, 16, 17, 18, 19, 20, 21, 22, 23, 24, 2, 25, 26, 27, 28, 31, 30, 11, 32, 33, 34, 35, 36, 67, 37, 38, 64, 52, 41, 42, 43, 44, 45, 14, 29, 47, 48, 68, 58, 39, 66, 50, 51, 40, 53, 54, 63, 56, 57, 59, 55, 60, 61, 62, 46, 69] time: 1083
New survived medium generation: [3, 1, 0, 4, 5, 6, 7, 8, 9, 49, 12, 13, 65, 15, 10, 16, 17, 18, 19, 20, 21, 22, 23, 24, 2, 25, 26, 27, 28, 31, 30, 11, 32, 33, 34, 35, 36, 67, 37, 38, 39, 52, 41, 42, 43, 44, 45, 55, 14, 29, 47, 48, 68, 66, 50, 64, 51, 40, 53, 54, 63, 56, 57, 58, 59, 60, 61, 62, 46, 69] time: 1083
New survived BEST generation: [3, 1, 0, 5, 6, 7, 8, 9, 49, 12, 13, 65, 4, 15, 10, 16, 17, 18, 19, 20, 21, 45, 23, 24, 2, 25, 26, 27, 28, 31, 30, 11, 32, 33, 34, 35, 36, 67, 37, 38, 39, 52, 41, 42, 43, 44, 22, 14, 29, 47, 48, 68, 66, 50, 64, 51, 40, 53, 54, 63, 56, 57, 58, 59, 55, 60, 61, 62, 46, 69] time: 1083
New survived BEST generation: [3, 1, 0, 4, 5, 6, 7, 8, 9, 49, 12, 13, 65, 15, 10, 16, 17, 18, 19, 20, 21, 22, 23, 24, 2, 25, 26, 27, 28, 31, 30, 11, 32, 33, 34, 35, 36, 67, 37, 38, 39, 52, 41, 42, 43, 44, 45, 14, 29, 47, 48, 68, 56, 50, 64, 51, 40, 53, 54, 63, 66, 57, 58, 59, 55, 60, 61, 62, 46, 69] time: 1083
New survived BEST generation: [3, 1, 0, 4, 5, 6, 7, 8, 9, 49, 12, 13, 65, 15, 10, 16, 17, 18, 19, 20, 21, 22, 23, 61, 2, 25, 26, 27, 28, 31, 30, 11, 32, 33, 34, 35, 36, 67, 37, 38, 39, 52, 41, 42, 43, 44, 45, 14, 29, 47, 48, 68, 66, 50, 64, 51, 40, 53, 54, 63, 56, 57, 58, 59, 55, 24, 60, 62, 46, 69] time: 1083
New survived medium generation: [3, 1, 0, 4, 5, 6, 7, 8, 9, 49, 12, 13, 65, 15, 10, 16, 17, 18, 19, 20, 21, 22, 23, 24, 2, 25, 26, 27, 28, 31, 30, 11, 32, 33, 34, 35, 36, 67, 37, 38, 39, 52, 41, 42, 43, 44, 45, 14, 29, 47, 48, 68, 66, 50, 64, 51, 40, 53, 54, 63, 56, 57, 58, 59, 55, 60, 61, 62, 46, 69] time: 1083
New survived BEST generation: [3, 1, 0, 4, 5, 6, 7, 8, 9, 49, 12, 13, 65, 15, 10, 16, 17, 18, 19, 20, 21, 22, 23, 24, 2, 25, 26, 27, 28, 31, 30, 11, 32, 33, 34, 35, 36, 67, 37, 38, 39, 52, 41, 42, 43, 44, 45, 14, 29, 47, 48, 68, 66, 50, 64, 51, 40, 53, 54, 63, 56, 57, 58, 59, 55, 60, 61, 62, 46, 69] time: 1083
New survived BEST generation: [3, 1, 0, 4, 5, 6, 7, 8, 9, 49, 12, 13, 65, 15, 10, 16, 17, 18, 19, 20, 21, 22, 23, 24, 2, 25, 26, 27, 28, 31, 30, 11, 32, 33, 34, 35, 36, 67, 61, 38, 39, 52, 41, 42, 43, 44, 45, 14, 29, 47, 48, 68, 66, 50, 64, 51, 40, 53, 54, 63, 56, 37, 57, 58, 59, 55, 60, 62, 46, 69] time: 1083
New survived medium generation: [3, 1, 0, 4, 5, 6, 7, 8, 9, 49, 12, 13, 65, 15, 10, 16, 17, 18, 19, 20, 21, 22, 23, 24, 2, 25, 26, 27, 28, 31, 30, 11, 32, 33, 34, 35, 36, 67, 37, 38, 39, 52, 41, 42, 43, 44, 45, 14, 29, 47, 48, 68, 66, 50, 64, 51, 40, 53, 54, 63, 56, 57, 58, 59, 55, 60, 61, 62, 46, 69] time: 1083
New survived medium generation: [3, 1, 0, 4, 5, 6, 7, 8, 9, 49, 12, 13, 65, 15, 10, 16, 17, 18, 19, 20, 21, 22, 23, 24, 2, 40, 26, 27, 28, 31, 30, 11, 32, 33, 34, 35, 36, 67, 37, 38, 39, 52, 41, 42, 43, 25, 56, 44, 45, 14, 29, 47, 48, 68, 66, 50, 64, 51, 53, 54, 63, 57, 58, 59, 55, 60, 61, 62, 46, 69] time: 1083
New survived BEST generation: [3, 1, 0, 4, 5, 6, 7, 8, 9, 49, 12, 13, 65, 15, 10, 16, 17, 18, 19, 20, 21, 22, 23, 24, 2, 45, 26, 27, 28, 31, 30, 11, 32, 33, 34, 35, 36, 67, 37, 38, 39, 52, 41, 42, 43, 44, 25, 14, 29, 47, 48, 68, 66, 50, 64, 51, 40, 53, 54, 63, 56, 57, 58, 59, 55, 60, 61, 62, 46, 69] time: 1083
New survived BEST generation: [3, 1, 0, 4, 5, 6, 7, 8, 9, 49, 12, 13, 65, 15, 10, 16, 17, 18, 19, 20, 21, 22, 23, 24, 2, 25, 26, 27, 28, 31, 30, 11, 32, 33, 34, 35, 36, 67, 37, 38, 39, 52, 41, 42, 43, 44, 45, 14, 29, 47, 48, 68, 66, 50, 64, 51, 40, 53, 54, 63, 56, 57, 58, 59, 55, 60, 61, 62, 46, 69] time: 1083
New survived medium generation: [3, 1, 0, 4, 5, 6, 7, 8, 9, 49, 12, 13, 65, 15, 10, 16, 17, 18, 19, 20, 21, 22, 23, 24, 2, 25, 26, 27, 28, 31, 30, 11, 32, 33, 34, 35, 55, 67, 37, 38, 39, 52, 41, 42, 43, 44, 45, 36, 14, 29, 47, 48, 68, 66, 50, 64, 51, 40, 53, 54, 63, 56, 57, 58, 59, 60, 61, 62, 46, 69] time: 1083
New survived BEST generation: [3, 1, 0, 4, 5, 6, 7, 8, 9, 49, 12, 13, 65, 15, 10, 16, 17, 18, 41, 20, 21, 22, 23, 24, 2, 25, 26, 27, 28, 31, 30, 11, 32, 33, 34, 35, 36, 67, 37, 38, 39, 52, 19, 42, 43, 44, 45, 14, 29, 47, 48, 68, 66, 50, 64, 51, 40, 53, 54, 63, 56, 57, 58, 59, 55, 60, 61, 62, 46, 69] time: 1083
New survived medium generation: [3, 1, 0, 4, 5, 6, 7, 8, 9, 49, 12, 13, 65, 15, 10, 16, 17, 18, 19, 20, 21, 22, 23, 24, 2, 25, 26, 27, 28, 31, 30, 11, 32, 33, 34, 35, 36, 67, 37, 38, 39, 52, 41, 42, 43, 44, 45, 14, 29, 47, 56, 68, 66, 50, 64, 51, 40, 53, 54, 63, 48, 57, 58, 59, 55, 60, 61, 62, 46, 69] time: 1083
Best found solution: [3, 1, 0, 4, 5, 6, 7, 8, 9, 49, 12, 13, 65, 15, 10, 16, 17, 18, 19, 20, 21, 22, 23, 24, 2, 25, 26, 27, 28, 31, 30, 11, 32, 33, 34, 35, 36, 67, 37, 38, 39, 52, 41, 42, 43, 44, 45, 14, 29, 47, 48, 68, 66, 50, 64, 51, 40, 53, 54, 63, 56, 57, 58, 59, 55, 60, 61, 62, 46, 69]time: 1083



2	3	3	12	6	24	22	10	9	20	
7	20	2	19	22	6	14	21	13	24	
17	12	18	15	17	9	2	1	12	15	
Base: [0, 1, 2, 3, 4, 5, 6, 7, 8, 9]
New survived WORST generation: [0, 1, 2, 3, 4, 5, 6, 7, 8, 9] time: 165
New survived medium generation: [0, 1, 8, 3, 4, 5, 6, 7, 2, 9] time: 165
New survived BEST generation: [0, 1, 2, 3, 4, 7, 6, 5, 9, 8] time: 164
New survived medium generation: [0, 1, 2, 3, 4, 7, 6, 5, 9, 8] time: 164
New survived BEST generation: [1, 0, 2, 3, 4, 7, 6, 5, 9, 8] time: 165
New survived BEST generation: [0, 1, 7, 3, 4, 2, 6, 5, 9, 8] time: 164
New survived medium generation: [1, 3, 2, 0, 4, 7, 6, 5, 9, 8] time: 165
New survived BEST generation: [0, 1, 2, 3, 4, 7, 8, 5, 9, 6] time: 153
New survived WORST generation: [9, 1, 2, 3, 4, 7, 6, 8, 5, 0] time: 193
New survived BEST generation: [0, 2, 1, 5, 4, 7, 8, 3, 9, 6] time: 154
New survived BEST generation: [0, 2, 1, 3, 4, 7, 8, 5, 9, 6] time: 153
New survived BEST generation: [0, 1, 2, 8, 4, 7, 3, 5, 9, 6] time: 153
New survived BEST generation: [0, 1, 2, 3, 7, 4, 8, 5, 9, 6] time: 153
New survived BEST generation: [0, 1, 2, 3, 4, 7, 8, 5, 9, 6] time: 153
New survived medium generation: [0, 4, 2, 3, 1, 7, 8, 5, 9, 6] time: 153
New survived BEST generation: [0, 1, 2, 3, 5, 7, 8, 4, 9, 6] time: 153
New survived BEST generation: [0, 4, 2, 3, 9, 7, 8, 1, 5, 6] time: 153
New survived medium generation: [0, 1, 7, 2, 4, 3, 8, 5, 9, 6] time: 153
New survived BEST generation: [0, 1, 2, 3, 4, 6, 8, 5, 9, 7] time: 151
New survived BEST generation: [0, 1, 2, 3, 8, 6, 4, 5, 9, 7] time: 151
New survived BEST generation: [0, 1, 2, 8, 4, 6, 3, 5, 9, 7] time: 151
New survived BEST generation: [0, 1, 2, 3, 4, 6, 8, 5, 9, 7] time: 151
New survived BEST generation: [0, 1, 2, 3, 4, 5, 8, 6, 9, 7] time: 151
New survived BEST generation: [0, 1, 2, 3, 4, 6, 5, 8, 9, 7] time: 151
New survived BEST generation: [0, 4, 2, 3, 9, 6, 1, 8, 5, 7] time: 151
New survived medium generation: [0, 1, 2, 5, 4, 6, 8, 3, 9, 7] time: 152
New survived BEST generation: [0, 2, 1, 6, 4, 3, 8, 5, 9, 7] time: 151
New survived medium generation: [0, 3, 2, 1, 4, 6, 8, 5, 9, 7] time: 156
New survived medium generation: [0, 1, 2, 3, 9, 6, 8, 5, 7, 4] time: 167
New survived BEST generation: [2, 1, 0, 3, 4, 6, 8, 5, 9, 7] time: 153
New survived medium generation: [0, 1, 2, 6, 4, 3, 8, 5, 9, 7] time: 151
New survived BEST generation: [2, 1, 0, 3, 4, 6, 8, 5, 9, 7] time: 153
New survived BEST generation: [0, 1, 2, 3, 4, 6, 8, 5, 9, 7] time: 151
New survived medium generation: [0, 1, 2, 3, 4, 6, 5, 8, 9, 7] time: 151
New survived BEST generation: [0, 1, 3, 2, 4, 6, 8, 5, 9, 7] time: 151
New survived BEST generation: [0, 1, 2, 3, 4, 6, 8, 5, 9, 7] time: 151
New survived BEST generation: [0, 1, 2, 8, 4, 6, 3, 5, 9, 7] time: 151
New survived BEST generation: [0, 1, 2, 3, 4, 8, 6, 5, 9, 7] time: 151
New survived BEST generation: [0, 1, 2, 3, 4, 6, 8, 5, 9, 7] time: 151
New survived medium generation: [0, 1, 2, 3, 4, 7, 8, 5, 9, 6] time: 153
Best found solution: [0, 1, 2, 3, 4, 6, 8, 5, 9, 7]time: 151



8	19	18	5	12	20	16	21	19	3	20	1	16	9	18	8	7	23	16	18	18	16	13	21	5	8	21	5	17	13	
24	1	22	25	3	6	25	19	2	10	25	1	9	16	20	24	13	23	14	13	24	19	15	5	12	4	2	5	16	7	
9	22	14	25	21	10	14	17	13	19	12	18	19	14	19	8	11	22	1	9	20	22	23	6	23	11	18	19	19	4	
23	21	7	21	19	9	10	4	3	16	21	16	3	12	3	14	5	1	10	14	25	14	4	2	20	20	25	2	13	23	
19	11	18	9	17	8	2	10	1	3	4	20	18	2	7	14	10	20	9	5	23	2	11	11	12	5	13	13	15	17	
13	21	20	22	18	4	20	17	9	14	21	24	23	8	10	14	9	17	10	18	11	1	14	19	11	1	13	20	19	21	
Base: [0, 1, 2, 3, 4, 5, 6, 7, 8, 9, 10, 11, 12, 13, 14, 15, 16, 17, 18, 19, 20, 21, 22, 23, 24, 25, 26, 27, 28, 29]
New survived BEST generation: [0, 1, 2, 3, 4, 5, 6, 7, 25, 9, 10, 11, 12, 13, 14, 15, 16, 17, 18, 19, 20, 21, 22, 23, 24, 8, 26, 27, 28, 29] time: 579
New survived medium generation: [0, 1, 2, 3, 4, 5, 6, 7, 25, 9, 10, 11, 12, 16, 14, 15, 13, 17, 18, 19, 20, 21, 22, 23, 29, 24, 8, 26, 27, 28] time: 561
New survived medium generation: [0, 11, 2, 3, 4, 5, 6, 7, 25, 9, 10, 1, 12, 27, 14, 15, 13, 17, 18, 19, 20, 21, 16, 22, 23, 29, 24, 8, 26, 28] time: 554
New survived medium generation: [0, 11, 3, 13, 4, 5, 6, 7, 25, 9, 10, 1, 2, 27, 14, 15, 12, 17, 18, 19, 20, 21, 16, 22, 23, 29, 24, 8, 26, 28] time: 547
New survived medium generation: [0, 11, 3, 13, 4, 5, 6, 7, 25, 9, 10, 1, 2, 27, 18, 15, 12, 17, 14, 19, 20, 21, 16, 22, 23, 29, 26, 8, 24, 28] time: 542
New survived BEST generation: [0, 11, 3, 13, 4, 5, 6, 7, 25, 9, 10, 1, 2, 27, 18, 15, 12, 17, 14, 19, 20, 21, 16, 22, 23, 29, 26, 8, 28, 24] time: 540
New survived BEST generation: [11, 3, 13, 4, 5, 6, 7, 25, 9, 10, 1, 2, 0, 27, 18, 15, 12, 17, 14, 19, 20, 8, 16, 22, 23, 29, 26, 21, 28, 24] time: 532
New survived BEST generation: [11, 3, 13, 4, 5, 6, 7, 25, 9, 10, 1, 2, 0, 27, 18, 15, 12, 22, 17, 14, 19, 20, 8, 16, 23, 29, 26, 21, 28, 24] time: 526
New survived medium generation: [11, 3, 13, 4, 5, 6, 7, 25, 9, 10, 1, 2, 0, 27, 18, 15, 12, 22, 17, 23, 19, 20, 8, 16, 14, 29, 26, 21, 28, 24] time: 525
New survived BEST generation: [11, 3, 13, 4, 5, 6, 10, 25, 9, 7, 1, 2, 0, 27, 18, 15, 12, 22, 17, 21, 23, 19, 20, 8, 16, 14, 29, 26, 28, 24] time: 524
New survived BEST generation: [11, 3, 13, 4, 5, 6, 10, 25, 9, 7, 1, 2, 0, 27, 18, 15, 12, 22, 17, 21, 23, 19, 20, 8, 16, 14, 29, 26, 28, 24] time: 524
New survived BEST generation: [11, 3, 13, 4, 5, 6, 10, 25, 9, 7, 1, 2, 0, 27, 18, 15, 12, 22, 17, 21, 23, 19, 20, 8, 16, 29, 14, 26, 28, 24] time: 522
New survived medium generation: [11, 13, 4, 3, 5, 6, 10, 25, 9, 7, 1, 2, 22, 27, 18, 15, 12, 0, 17, 21, 23, 19, 20, 8, 16, 29, 14, 26, 28, 24] time: 520
New survived BEST generation: [11, 13, 4, 3, 5, 6, 10, 25, 9, 7, 1, 2, 22, 27, 18, 15, 12, 0, 17, 21, 23, 19, 20, 8, 16, 29, 14, 26, 28, 24] time: 520
New survived medium generation: [11, 13, 4, 3, 5, 6, 10, 25, 9, 7, 1, 2, 22, 27, 18, 15, 12, 0, 17, 21, 23, 19, 20, 8, 16, 29, 14, 26, 28, 24] time: 520
New survived BEST generation: [11, 13, 4, 3, 5, 6, 10, 25, 9, 2, 1, 7, 22, 27, 18, 15, 12, 0, 17, 21, 23, 19, 20, 8, 16, 29, 14, 26, 28, 24] time: 518
New survived BEST generation: [11, 13, 4, 3, 5, 6, 10, 25, 9, 2, 1, 19, 22, 27, 18, 15, 12, 0, 17, 21, 23, 7, 20, 8, 16, 29, 14, 26, 28, 24] time: 518
New survived BEST generation: [11, 13, 4, 3, 5, 6, 10, 25, 9, 2, 1, 7, 22, 15, 18, 27, 12, 0, 17, 21, 23, 19, 20, 8, 16, 29, 14, 26, 28, 24] time: 518
New survived BEST generation: [11, 13, 4, 3, 6, 10, 25, 9, 2, 1, 7, 22, 5, 27, 18, 15, 12, 0, 17, 21, 23, 19, 20, 8, 16, 29, 14, 26, 28, 24] time: 518
New survived medium generation: [11, 13, 4, 3, 5, 6, 10, 25, 9, 2, 1, 7, 22, 27, 18, 15, 12, 0, 17, 21, 23, 19, 20, 8, 16, 29, 14, 26, 28, 24] time: 518
Best found solution: [11, 13, 4, 3, 5, 6, 10, 25, 9, 2, 1, 7, 22, 27, 18, 15, 12, 0, 17, 21, 23, 19, 20, 8, 16, 29, 14, 26, 28, 24]time: 518



